961
1051
1009
979
1003
997
1023
992
932
932
970
995
989
996
1022
1022
1003
961
1031
979
966
968
1020
1003
952
982
959
1013
965
977
968
969
1005
972
1039
997
965
981
971
999
1020
958
1036
1020
984
990
1055
962
964
1012
993
968
975
1028
1003
1012
987
962
990
1046
1032
1010
1011
1011
945
1045
1049
997
965
1042
979
1012
1006
981
949
1005
989
1022
967
1031
926
1020
1020
1044
971
1018
1026
1035
1000
1028
1017
957
975
995
955
993
986
1011
1013
1010
1020
985
1037
1002
965
999
1019
1002
989
1029
998
973
990
1001
1008
1006
987
964
1018
1019
1010
1011
1019
989
960
1020
1023
1028
1011
1062
950
1061
987
1032
1001
1017
1012
1002
983
974
978
984
990
952
1000
1002
1031
976
1005
1000
1007
960
1005
1021
995
1012
951
1001
1001
973
1040
989
1019
976
927
919
994
1018
1026
990
983
973
978
1003
957
1045
995
995
993
1024
1030
966
1058
1017
980
1038
1003
997
1027
1015
984
1021
1015
1009
974
1006
961
1004
981
960
993
965
978
944
987
985
951
1018
1001
1020
1052
985
942
999
1018
1044
1026
984
1000
984
994
969
962
988
995
1009
975
1019
985
1044
994
944
1024
1023
980
938
1012
976
994
1017
985
1015
1000
955
1016
962
1059
979
1004
1037
975
972
1024
1011
988
1008
995
1028
1023
1043
999
1016
954
987
1028
1031
1067
1004
970
1021
942
955
1009
1067
990
963
1014
974
946
995
966
965
993
972
1011
1024
1034
1000
976
1050
992
944
962
1008
1006
988
982
1011
978
1053
955
1009
1007
1029
980
1011
1026
947
1037
971
946
987
994
1043
996
981
986
980
976
1016
961
947
982
1018
984
1038
964
989
1021
1019
976
968
1007
940
1052
1011
988
1051
1052
1017
1011
939
977
924
993
985
990
990
976
998
995
1038
956
1018
1021
1012
1009
1032
1035
1049
989
1052
1060
1001
1004
1014
1016
1001
1008
1055
1048
1017
1048
993
1017
992
1024
968
1038
990
978
1020
1003
982
970
1035
985
1064
1043
999
1010
1042
982
1013
928
974
953
946
970
997
942
1002
1022
973
972
984
1072
1013
988
1025
1009
994
968
1043
1033
999
1022
1060
990
1042
1073
967
955
989
1052
1055
968
961
960
1019
1007
1026
934
948
955
920
1002
1047
1009
1003
1026
1010
1047
1025
1009
1005
1023
965
966
1004
965
982
1026
992
1021
985
996
1009
1025
1014
1013
1036
987
920
997
1049
994
954
1012
970
1033
1037
1047
926
1000
1014
973
1024
1014
946
1022
975
998
1046
1083
981
965
991
984
990
995
952
1020
939
991
1037
1034
1024
997
1016
1029
1063
1047
993
989
991
1011
1014
980
948
1038
1054
1039
1015
985
981
974
1025
985
1058
954
1076
934
1012
1019
1068
983
1033
998
942
1036
975
1011
994
995
1015
1010
975
971
988
984
1000
994
942
1000
1031
1021
1026
1084
983
1005
968
1003
958
985
975
992
1075
956
1020
1028
1038
968
965
1018
968
995
1055
997
1054
997
1032
1012
1016
1019
978
1021
1001
963
1007
990
994
976
1043
967
1031
952
1035
949
1001
1046
1041
976
1014
968
1076
1039
1010
1063
974
976
992
1065
945
1014
942
1013
996
995
977
1024
982
1005
935
1021
965
1000
991
979
985
942
995
1064
950
1061
958
1031
968
991
1074
1007
923
996
983
949
1024
1008
1001
1012
1025
975
980
1031
981
968
922
969
1050
996
967
979
964
986
1028
1032
1025
1004
948
974
1000
1011
962
988
984
1051
951
994
1023
1007
1008
1032
1082
990
979
933
983
976
1061
1018
983
1019
1008
1005
998
980
946
1017
986
1023
987
961
1069
1029
990
1004
997
973
1026
1018
983
1031
1008
1017
1023
1065
1045
1062
985
938
984
949
972
1008
1016
1011
1014
1002
1002
981
991
979
893
973
1080
1022
994
1003
931
1021
1038
996
991
985
1016
1037
1017
1004
989
958
981
981
1033
993
1006
1005
984
1062
1021
955
977
1015
1002
1037
980
975
984
1058
1000
1032
933
939
1003
1030
995
1026
1066
988
1025
993
972
1070
963
996
1072
1009
1015
1036
1092
1022
1010
982
1002
1013
978
950
1019
955
999
990
936
981
1011
1062
968
998
1029
1008
917
1003
1049
973
980
953
985
1008
964
1013
1001
940
1019
1022
1004
988
1002
1065
1052
1009
977
1001
987
954
944
1043
991
972
1015
1032
1054
988
988
994
995
993
983
1064
1004
1020
1026
1001
985
996
952
1048
1062
966
1027
1029
973
999
1028
989
964
989
1040
994
1014
976
946
984
1010
1015
970
1075
1016
960
965
952
1021
928
994
975
1027
954
963
1033
1016
1009
976
978
927
1031
1014
967
1000
940
984
984
996
980
999
1039
991
976
941
980
974
979
987
1043
949
983
1020
957
978
964
1001
974
970
998
986
1043
1004
997
993
1013
992
1000
960
1003
1018
993
999
974
951
930
982
972
1019
1011
1013
1002
994
1015
1031
1011
965
1014
964
1005
1034
1011
985
1037
1013
1015
979
993
1010
955
982
1015
971
1051
1006
1018
1019
1016
966
993
994
952
1030
982
977
1026
1027
1029
1014
986
962
982
991
1007
922
1022
1013
997
1015
997
964
969
926
952
1020
1032
972
1008
996
973
974
1005
999
1017
976
1008
965
941
947
1014
1022
983
1032
1010
1027
986
953
980
951
986
1012
1031
964
977
1046
995
981
1023
1029
1001
1036
997
1002
995
982
941
966
995
946
1022
986
971
938
989
1026
951
1030
942
999
1041
944
1021
1000
1064
1050
1001
981
1023
960
1013
1000
1016
960
974
958
971
1033
1078
1005
981
1041
1011
1025
1005
994
953
995
1003
1005
969
999
994
974
1010
979
1012
950
943
1027
932
1022
1020
956
921
1037
993
966
997
988
950
994
962
1012
969
1023
966
991
1020
1065
956
1027
997
954
965
1023
999
964
975
1024
985
1009
970
1019
990
1039
1002
1035
997
1040
1023
969
1024
979
1028
1053
946
1023
1013
1026
1028
983
1027
1016
981
940
1044
956
1006
1035
936
976
1036
1014
989
1032
922
956
974
975
976
1022
980
995
1018
1018
978
979
950
1031
993
954
1062
1055
978
1029
978
1016
1041
982
1026
1024
1033
1021
1109
1005
1000
981
979
1042
1033
991
970
927
980
998
1007
985
1014
999
1005
966
966
972
988
1017
1027
1034
1020
1015
1028
996
1030
1067
942
1019
974
991
977
1030
1005
1034
969
923
999
970
992
965
990
1011
954
991
998
1004
957
972
952
955
1039
1001
1028
990
1014
975
985
967
1024
1000
969
935
993
915
968
1020
1001
1000
950
954
969
1002
984
978
1012
988
1008
976
977
974
976
989
944
1003
1033
963
1012
980
989
1038
972
983
1010
1041
1056
981
1008
968
954
965
1060
956
998
971
966
1032
1033
1004
977
1032
972
1027
986
983
975
993
985
942
1008
1026
972
984
971
993
1040
973
992
997
1032
1015
995
981
991
993
952
1021
1016
1023
983
1036
978
1000
1005
986
1032
999
1017
1042
1013
1016
1005
1031
951
1014
972
978
1031
1011
1010
993
996
1014
978
970
999
1006
1033
1007
963
1057
1020
1025
959
1036
967
1049
910
1079
1017
1031
977
985
1036
960
1014
949
997
982
999
998
1014
1006
983
982
1040
1048
976
974
1039
960
1039
1036
1039
947
982
1034
1041
1000
1017
978
949
1018
1022
1032
927
1023
1015
1034
1046
993
995
1088
995
970
1028
979
975
966
974
1017
1035
984
1024
1009
1048
1019
1000
994
996
1048
987
951
1029
980
1014
981
1012
934
910
1049
1014
1019
1001
1054
986
982
1031
1004
987
942
1016
992
1015
1007
1048
975
1023
1007
978
992
1042
942
979
1020
1010
1016
1026
971
989
1017
1009
967
972
993
1015
992
1003
992
989
1016
955
896
989
998
1057
972
972
984
959
1004
1039
1030
1005
976
966
1012
1007
948
929
993
971
984
1048
984
1007
980
984
995
1000
989
982
1035
1018
1002
1020
987
1000
990
969
1035
983
1029
980
1024
1030
999
1023
1017
1007
981
971
1026
987
995
1020
993
982
1011
1045
1029
1004
1051
979
1000
1044
997
972
1009
1009
949
995
1005
977
977
1066
1038
1001
1033
1018
1002
946
1023
928
1054
1012
997
1026
992
1020
1017
1008
1011
1017
931
1014
1029
1030
1012
969
1081
1044
1015
1005
1036
998
1027
979
989
956
1069
1015
1009
1002
995
1050
945
986
954
1012
1043
974
1006
982
1026
1009
985
997
1023
1036
1003
1038
918
952
1004
966
1041
983
1056
1017
993
989
959
970
1013
1001
1059
1014
1015
975
983
1012
976
1035
1002
970
934
1011
952
992
965
1014
1013
1004
1083
966
964
1010
932
1013
1003
1013
1059
948
974
1027
973
988
983
942
995
975
1023
972
1016
1028
1005
1054
983
1032
981
1011
1044
982
1022
1019
1016
991
994
1014
1031
962
922
1037
1033
1042
988
1067
893
989
1026
1035
1011
1011
1025
966
1014
982
988
1007
1009
1030
1058
929
946
997
956
1030
1029
996
1035
1008
1098
974
1048
969
1035
1030
1022
1030
1020
964
1046
993
1026
1001
1021
1015
974
966
978
979
1029
1016
1029
992
1035
1074
988
1002
1021
1009
1017
1000
965
908
972
1023
1048
933
951
979
1068
983
1014
1006
996
1023
984
1030
1040
1025
985
952
1027
988
1024
1024
972
1059
1012
1022
1017
1009
1048
988
1054
989
974
1052
1008
929
1042
1029
1049
936
1013
1002
1030
958
1021
1026
1018
1048
1030
956
989
981
1032
985
1035
1002
970
1044
1000
1002
998
989
1020
983
973
1049
974
983
958
1035
1016
1049
1032
978
990
946
1045
985
988
1030
948
992
995
969
1006
1036
969
1006
953
1068
1036
980
1023
978
945
997
978
985
1044
991
1025
936
1014
979
999
1054
930
996
1041
983
996
971
1067
1018
1042
1031
946
980
974
969
1022
1033
1020
1050
991
1033
1000
948
994
1074
998
1011
1009
949
1032
1046
985
976
1074
990
921
1004
1070
1025
986
985
1054
1012
981
1008
945
976
1022
994
998
1001
1040
1015
974
972
1021
992
1016
988
1003
1077
1001
1050
934
1038
1011
1023
991
1005
965
1039
1021
1037
955
1059
975
977
1006
987
1007
958
1036
987
1014
1036
994
980
1026
983
960
1012
1037
1023
997
1039
969
995
1026
925
1017
933
938
1022
1035
973
1029
1011
1031
1033
989
957
983
993
998
1015
1013
1071
955
950
1007
920
1033
1006
1012
1018
1012
1025
1011
936
990
976
978
1033
1029
1006
1044
1019
975
1026
1024
1026
1014
1035
937
1027
1050
945
991
1058
967
1025
949
1041
999
1025
1041
989
990
944
992
1008
1023
964
1040
966
1027
1003
996
993
990
1033
986
984
1046
1044
1093
973
1010
938
996
986
998
948
972
1012
926
1008
1003
943
1013
978
988
993
1025
982
1041
1038
1013
973
992
1010
1056
1071
1012
1005
981
971
966
1015
1002
999
996
1006
981
989
1007
962
942
1014
1081
979
1048
1048
1021
987
938
981
1033
1011
967
1046
1011
978
1028
966
1004
983
1008
946
954
945
1051
975
1048
1035
1030
999
1024
915
1008
1074
974
1035
1056
1041
1017
992
999
1017
934
949
1003
972
1002
998
984
950
1009
986
970
969
972
927
993
1034
940
1042
1047
1007
980
982
1014
1042
1009
1045
979
1038
935
1026
1010
1013
988
970
946
1060
946
988
924
981
969
1062
1062
980
1008
990
1008
1050
958
990
1014
976
1006
1008
975
1015
1003
970
931
987
1012
989
961
983
996
974
982
1013
993
1072
1009
1006
947
980
940
998
1010
1008
1019
1019
977
982
1002
983
1020
994
1010
1030
937
1038
1079
1015
924
1008
1004
995
1003
1000
986
984
1002
1042
1005
984
1006
966
945
959
1047
1062
1002
1008
1028
1001
966
1010
939
981
1020
971
986
980
996
961
1013
988
980
988
995
1017
1046
1098
1013
1032
937
1016
934
944
978
1013
974
985
1026
977
995
1035
978
923
974
1010
1022
1028
959
1005
993
984
982
1010
930
1019
985
1015
942
981
985
959
1019
1018
975
1021
1027
1001
1020
996
999
982
958
1044
988
996
1004
944
960
1003
1049
990
997
1018
1053
1073
1009
1022
1013
1035
1001
999
1075
1025
959
1024
1031
970
998
997
975
1055
981
964
996
955
980
1016
998
984
976
973
1030
997
982
1004
963
956
949
935
986
1036
998
961
1006
1030
1001
1055
970
1014
949
1012
952
997
1012
1009
1004
994
1029
971
1010
976
980
1005
965
968
998
1027
943
963
1005
1006
1020
993
938
1005
1057
1008
951
1008
992
1025
939
947
1034
1027
1003
989
980
989
1025
1052
1001
974
1023
991
1097
1020
991
1019
985
1015
992
1079
1041
960
964
1033
1000
969
932
1005
1065
977
1108
1001
968
1013
986
1045
982
1065
1019
1015
1025
954
969
1007
1016
1002
958
1010
964
942
983
951
1022
1077
977
966
985
1041
1015
974
1026
1064
1002
973
977
1012
985
986
935
1020
969
1022
955
1002
982
1001
1038
986
966
1035
983
1070
1000
1013
992
1028
976
1010
950
1048
986
1003
1015
1047
990
994
920
1022
1001
1008
1057
947
1032
1002
1008
936
1046
1005
1003
1026
970
981
966
924
1009
1016
1021
1015
1019
1030
1038
926
947
1002
991
996
1047
988
1026
1004
1002
982
1025
1005
962
1003
1039
946
958
995
988
1029
985
1035
975
991
940
1001
984
1054
971
964
1014
1027
981
1064
1000
1011
998
987
1004
1007
933
941
1015
1004
1050
1023
968
1038
993
937
1000
985
955
1017
990
1011
1007
1039
980
987
1031
1006
1025
999
987
1004
986
1020
1025
1001
1010
1003
999
997
1012
986
1008
1028
968
1005
995
997
1014
1021
953
1006
991
1012
984
1036
992
1049
1043
1029
1040
1034
986
992
999
964
951
995
1072
975
1036
1016
972
1034
988
1020
1072
1062
993
1005
964
952
1090
1004
969
934
959
1032
958
989
982
992
958
979
1007
1057
1037
982
989
1037
990
963
982
1018
1038
1010
1010
1024
1023
1010
972
1007
989
993
1022
932
990
950
1022
987
1023
1023
975
986
1010
971
992
1020
1034
1004
1015
1030
1063
980
944
1082
970
1034
973
964
937
1030
1038
996
999
1025
991
989
1068
952
985
1012
991
969
992
986
1035
984
1012
1064
1007
1028
1026
1041
987
980
1006
950
974
965
1026
935
955
1010
1052
987
1057
1050
972
990
986
1005
1004
946
998
1038
969
1040
1045
949
948
1067
947
1022
962
1002
939
1077
1036
1026
980
1014
1003
1014
967
975
969
974
956
1006
967
987
990
960
993
996
1034
1021
948
1009
1068
948
1025
986
981
1033
998
1032
967
961
1016
970
965
969
1022
1013
982
1069
1030
955
1020
1015
1044
1087
1038
993
1044
991
1008
1008
1019
968
1047
969
1013
1008
997
1005
1019
964
1031
970
1033
1001
1008
998
1013
1039
964
1008
987
1014
961
1010
1016
1027
990
992
1016
1010
1017
1082
992
962
1000
1049
961
995
1005
984
1052
996
985
1020
1024
989
1039
1004
981
971
977
955
1004
966
1041
1044
952
968
1031
994
982
992
1001
994
1029
1000
1047
1005
1000
1005
996
1006
1018
991
966
1004
958
1023
1008
1011
991
1035
1019
993
1017
1005
941
1034
980
1025
969
1042
1013
1010
1031
975
974
1030
1019
1059
1000
994
999
1046
969
991
1049
1007
1035
1030
1005
974
1021
1058
1010
1035
995
959
979
980
1048
963
1035
1021
1002
1055
1014
993
1034
962
1037
1049
979
1015
972
975
949
992
1006
1012
984
977
967
978
931
1009
1037
1020
943
977
1010
972
890
1005
1038
1063
1055
943
1040
1004
1009
988
974
1067
1033
1006
1001
1023
1011
945
1068
1052
995
973
1001
988
984
1026
954
1037
1040
1018
1004
1027
1040
1014
1065
1021
1022
982
998
1050
1016
978
923
986
936
1043
1046
983
942
1002
986
991
995
968
977
1064
975
995
997
991
999
991
1049
1007
1013
982
990
979
1014
1048
1051
977
1059
920
1040
1012
1020
979
1039
987
970
1023
973
1006
976
933
979
1016
979
1034
973
986
937
1028
1009
1011
986
957
1004
959
1012
1007
1035
998
991
979
939
1103
1002
984
1008
973
1025
1017
984
1016
937
1000
1002
1021
1027
956
1041
1029
940
971
987
1057
1045
979
978
1032
1043
1000
964
959
1040
1033
997
1080
973
1027
1050
1082
972
968
994
1006
982
1011
985
990
948
964
967
991
971
983
969
964
955
1017
1041
1011
955
961
949
999
970
1031
973
983
984
1069
1047
948
993
939
997
1006
988
1097
992
994
981
990
975
1014
989
1091
948
1008
1014
1014
1058
992
974
992
992
992
978
938
966
1032
1040
968
997
1007
980
991
1023
1020
990
991
1023
980
968
989
1023
1012
974
967
988
1029
1027
997
1041
985
1015
1000
1067
995
999
1027
1049
1015
1048
947
970
948
1006
1064
972
970
924
1002
982
1048
991
1008
1075
1012
1001
1008
992
997
1013
928
1023
951
977
1028
1017
1009
1041
995
986
1018
979
1001
1002
975
987
1009
1017
1000
969
1042
1018
984
1014
1032
1021
988
983
980
1005
969
986
995
1028
1001
1006
992
1039
1004
994
1008
1010
993
1014
1041
983
1050
967
993
964
965
1013
1001
1010
1102
984
986
1004
1030
1027
1026
1008
997
1027
969
1000
1006
991
997
976
954
1007
1003
1006
960
1019
962
1010
989
926
1041
1005
934
1032
985
933
975
935
966
950
1038
1031
994
958
994
967
968
998
986
1038
1037
1002
992
980
944
1002
997
955
950
955
966
1010
1038
1041
1003
1028
962
986
986
1081
1042
1052
959
977
997
966
977
1049
1020
1002
977
984
972
992
986
993
935
993
1019
1020
967
974
1028
990
1020
1007
970
987
998
984
969
967
982
977
1003
1037
1034
934
943
1000
925
988
1070
952
991
985
994
990
984
942
933
1014
952
990
1012
933
973
1033
958
1095
990
993
1000
946
1075
964
983
1019
969
1019
1044
1040
1046
1034
994
1008
976
969
998
973
1038
935
1011
1007
1005
965
944
1013
1004
1014
981
1008
988
962
977
1040
990
996
1020
973
1000
998
1015
928
994
1020
964
980
973
962
1068
994
975
970
1046
996
1041
946
974
990
1037
981
940
1004
1038
1022
1035
1004
1037
953
932
936
973
1023
958
1035
967
1007
957
1009
1023
1018
979
973
992
1002
987
967
948
1028
1037
964
975
994
966
1002
1003
1009
981
943
1002
946
984
977
1037
919
985
981
1027
944
1018
941
1034
1039
962
1058
976
963
1007
973
975
1037
998
972
979
985
998
984
966
948
1043
1017
963
947
919
1007
1020
982
954
1019
990
999
990
1007
1003
1003
1025
1025
1029
995
948
985
997
1026
971
1029
981
909
1048
964
981
1031
984
1043
1023
1008
953
1019
1013
971
988
970
1000
1031
979
987
1044
980
998
979
1009
1017
1002
994
979
986
1030
998
1012
1032
1017
1020
1039
995
1048
963
994
1031
1023
957
1002
1000
979
1027
1031
1051
1001
1000
954
1031
1037
1027
1021
1014
1022
1041
1070
972
1062
993
1004
998
1040
1029
1017
1012
965
998
978
979
986
1024
981
976
1009
998
1059
1032
1031
973
1008
999
976
985
1011
962
998
1016
1005
968
945
986
1062
1061
1001
984
967
1023
957
1006
1000
954
1004
993
1051
989
974
960
997
1005
993
998
999
1064
940
980
983
990
970
1010
1041
967
961
959
992
1021
1002
970
1023
1002
985
995
998
1043
976
960
946
1029
1029
968
1040
980
1003
997
963
974
992
1082
988
1044
1026
1026
937
1044
1043
1006
981
949
953
953
996
987
1005
991
1007
1030
970
1010
993
983
979
988
1060
1087
1044
999
1003
1022
998
965
1047
1015
945
976
993
1015
955
1036
1041
952
1002
956
1012
969
1009
1012
1044
1024
1045
978
1017
1046
991
971
1036
1009
1024
1017
1068
964
1012
1005
976
1002
978
950
986
1000
990
1005
992
1050
1042
940
1004
1017
1039
993
1019
1040
999
988
992
1005
1001
998
1034
967
975
998
988
1028
1044
936
1073
1019
1051
955
980
1003
971
1025
1005
1000
961
1039
1005
1017
956
957
1048
1004
998
1002
967
1018
992
1013
1003
957
1070
1015
1028
989
978
1025
970
1009
1036
991
992
975
1014
942
971
1033
1011
1009
954
1025
1020
1012
980
1042
1007
997
1028
1026
1040
1018
999
1032
1002
950
992
950
1010
998
1013
960
999
1054
1004
1029
964
957
985
1008
996
1001
975
1042
972
1029
1017
898
976
943
1024
994
1026
995
975
1043
994
1038
1011
1054
976
1044
997
1049
998
1075
965
1032
923
1002
994
999
998
961
975
970
948
982
984
971
977
1015
985
1019
932
1053
952
997
932
1019
979
1007
1038
983
1005
1050
965
988
956
1008
1066
972
947
982
958
968
962
1041
1044
1027
1043
1025
1040
1004
1041
996
1002
979
1008
990
999
1037
998
940
1006
1005
1042
1076
974
995
1042
1018
1005
1037
951
943
1017
1039
1064
1009
1025
1014
977
1004
1006
976
1000
1001
965
980
991
1028
1011
1079
981
1019
1031
1059
993
1063
995
960
1024
1014
949
1016
1016
971
1019
945
944
1021
1046
1047
981
986
958
966
1000
997
983
1016
1027
1026
1005
1032
1026
993
967
981
1005
1028
1004
1037
1008
1030
956
1038
1042
1039
1012
1045
1009
991
1004
1005
976
1051
954
973
954
1000
1042
1047
995
979
986
1035
1041
1005
1009
1025
977
963
1019
1022
975
1025
990
1006
984
993
990
1064
998
1046
991
958
1003
986
1078
1010
1003
990
1056
956
1012
1006
974
994
991
1014
1005
979
1041
1004
974
1001
976
1024
985
1041
997
997
1031
966
1005
976
1022
1009
1009
997
999
1005
1039
1021
1007
1050
997
978
1025
969
1008
998
1041
1028
986
1004
1009
1001
996
948
1019
1004
1028
1014
947
980
939
1021
1000
945
1028
1025
990
987
983
982
1011
1019
1005
1017
1048
1007
967
997
1050
1014
956
948
1056
1003
1014
1050
1012
998
1028
962
1019
1035
1015
1017
946
966
1013
975
968
955
1049
1059
939
1039
974
985
1014
1041
1002
1017
1006
979
985
1012
1086
938
1029
1020
1032
1072
974
1028
965
990
1016
944
997
1041
1011
995
945
990
986
964
964
1020
1010
1029
1005
957
1046
1025
1059
991
986
1009
998
1013
1005
960
1011
971
1022
1049
995
983
1007
960
954
994
976
1000
977
1053
1086
962
987
1012
980
1051
1032
1002
1041
1050
979
1007
1023
988
1025
949
986
953
1049
956
952
1047
966
961
978
999
1035
938
1036
1025
941
1032
960
989
1027
1083
959
1010
1024
1040
1029
1028
1007
950
1042
1026
1008
995
959
974
938
979
949
1065
1057
964
1027
947
1019
1024
937
989
978
997
1003
1010
957
1038
1021
1008
1047
1061
964
1044
1003
997
1011
926
1005
978
1049
1004
947
905
969
956
1000
985
1025
1088
1005
1024
1001
992
986
1025
987
987
1048
984
1024
996
979
939
989
1005
1060
978
1081
1002
991
984
967
987
1001
1031
1011
1013
1003
960
1034
1027
1023
974
1041
931
963
1045
977
1029
973
951
1038
1018
1016
1037
1017
959
1052
969
999
980
1011
971
1019
989
958
979
974
1004
1049
1004
1011
950
1038
1006
1004
988
1028
1040
959
976
949
1036
963
1011
1004
1039
913
1046
942
971
957
1003
998
945
967
976
1016
1016
944
986
1006
1009
944
1070
975
939
1015
1000
995
975
1030
1010
1016
1013
936
952
1015
992
1066
1018
949
970
977
995
951
992
1038
947
1005
961
970
992
998
971
976
1015
1059
1034
1006
1015
1025
998
1025
964
991
964
1037
986
975
1006
1065
1029
984
1032
978
984
1009
986
952
1008
1001
1001
1039
1029
960
983
969
997
950
991
1017
1001
997
972
1060
977
981
1044
1012
1043
984
999
1013
982
955
951
1003
1019
980
967
951
956
1004
1013
1059
972
980
1000
990
911
1029
1006
993
1002
1046
965
1010
983
982
994
975
1044
994
1013
978
1057
1060
952
955
1017
1032
981
964
984
1031
1025
984
986
1005
1068
1052
980
1009
987
1057
1028
1040
1013
994
980
999
962
1018
1023
965
1091
991
1013
1006
963
981
1026
1044
1030
988
991
987
981
996
1030
1067
955
986
1070
1007
990
990
990
1017
1022
1008
979
1014
976
1052
1038
1071
993
976
956
1001
1028
983
969
986
997
978
1014
1026
1057
971
1020
1023
971
995
1001
992
972
986
1034
1062
979
1000
1044
1001
1060
1010
988
1017
1054
1006
1030
1001
987
974
1008
998
966
1009
992
973
1033
978
951
979
958
1000
1010
1021
959
1014
969
1008
969
1051
970
981
1015
1031
954
1054
978
1073
1009
1013
1039
1019
1045
1065
1011
1012
940
991
1021
999
1009
974
953
1004
990
977
996
992
1021
994
986
982
979
1045
990
1009
998
1000
970
1004
946
1012
1064
1002
1020
1056
1025
989
1010
963
982
1004
971
973
975
998
1005
1031
1007
972
1009
965
969
987
1061
978
1065
995
1045
1007
966
1039
920
1029
971
923
996
1017
1051
1039
1024
1036
1060
999
1000
977
1060
1016
1017
1026
1047
1018
990
985
1036
964
992
1004
1041
1030
959
984
999
1056
983
940
962
1043
1014
964
976
998
1060
935
1021
1031
983
1013
997
1022
965
983
967
984
1021
950
1069
1038
957
977
1011
998
990
985
1018
1024
983
1042
999
972
1063
945
990
1021
1048
1006
1001
1004
997
970
998
1012
1015
1033
968
1026
963
1000
987
987
1020
1021
996
1039
972
964
1033
949
1036
957
989
1034
969
1034
968
1022
1002
921
1004
980
980
1016
950
1015
963
1030
1025
1047
997
1059
949
1051
997
976
983
1027
971
954
990
1015
1016
1000
1031
999
932
985
1037
1033
978
957
996
1015
1006
994
994
1032
1017
1070
985
966
962
1026
965
1041
1073
1005
1012
1023
1008
951
971
983
939
988
1046
1038
1038
955
975
1004
1032
986
996
961
994
1007
1011
1051
998
984
1000
1008
1078
966
1023
1045
1015
1048
975
995
979
981
1046
1000
1020
962
961
1028
1032
957
1027
1000
1085
1021
998
1026
1047
881
993
973
1006
944
965
1037
1043
975
1001
1001
980
1010
924
1028
963
1021
1020
999
974
972
1017
997
1024
992
957
1001
1055
1026
1009
989
1006
972
1018
1002
1045
1001
989
992
979
1020
986
950
987
1005
1032
1003
1026
1047
1028
1028
988
1047
1046
975
956
1029
1001
1047
1025
1007
1039
965
1005
952
1030
1011
1031
1024
968
1009
1016
987
1027
981
937
1029
960
1030
948
1022
1018
1014
971
976
999
986
1034
1010
975
974
984
983
980
990
1056
1040
1020
984
960
1018
958
978
1017
1016
958
993
1033
988
1014
1072
986
986
1003
978
995
1052
1041
985
1003
1040
1006
1030
976
1002
963
999
1017
986
951
972
1011
1022
969
982
953
1020
946
978
966
1014
1008
1005
982
996
999
1008
999
967
960
994
939
1022
1041
1017
1082
1071
1080
1065
994
890
1031
994
1011
985
1031
939
988
963
1021
998
1027
1027
986
1012
995
962
1002
1031
992
1014
998
1002
988
1015
1040
951
1004
1022
994
999
1028
1037
965
988
1035
1001
977
990
986
967
951
1016
1037
1053
985
988
1015
1015
993
988
1020
988
975
957
1043
999
1018
975
941
1001
1016
1048
992
1007
948
978
979
1003
963
993
995
993
992
1015
1042
991
994
1040
1009
947
987
1027
1033
1009
1002
1045
1019
1042
965
1022
974
998
1018
992
1016
980
938
1032
1006
1010
1012
1047
1058
1025
1013
940
1009
945
961
997
1032
985
1027
999
1017
1014
964
1024
983
978
1006
1070
1034
950
997
976
1005
985
944
993
1047
1024
995
979
1052
1003
974
1057
977
1047
1042
979
981
978
1023
1043
975
956
1012
1025
1022
995
1001
982
1025
1008
1028
997
1015
972
988
1032
1041
1051
1056
1041
990
1053
1008
971
958
1016
1021
960
1030
1003
982
986
976
980
986
979
1006
1000
1036
1026
1009
982
1064
1001
990
1025
1003
991
980
964
986
1045
998
995
940
1009
1010
1075
1029
979
979
995
948
978
1050
1011
976
1083
1083
983
1018
1026
997
1045
1016
1014
998
925
1009
1001
999
1024
1026
1001
995
1064
1035
957
951
1006
1044
1013
981
1018
1072
977
1000
987
1022
978
933
1039
1031
1009
985
1011
1042
967
994
1015
1023
985
951
1066
1017
936
972
991
1060
1031
1034
1061
1020
1083
992
986
1018
985
1036
965
1065
992
987
987
1014
1046
1042
937
973
1007
1055
960
1023
987
978
962
1008
1010
1015
945
1055
962
1036
985
988
993
968
984
1017
1028
1007
1015
974
1002
969
919
1054
971
981
1023
979
1016
983
1050
963
1007
1065
978
994
987
950
1006
980
976
999
1018
1046
981
966
1013
956
1059
961
1012
988
1059
941
1040
990
1056
992
986
913
1026
973
1050
1029
972
1042
984
980
1000
1012
977
1052
1022
1048
967
1006
974
1027
954
1044
979
980
1000
990
949
992
1034
955
972
964
1043
971
1020
984
1031
942
957
1056
966
1084
1026
1010
1029
1002
963
1052
1011
1025
1025
1040
964
1026
986
993
1000
976
980
975
956
986
1006
994
1058
984
1033
1018
1078
995
1009
997
958
995
1021
963
948
942
980
1052
1021
1069
1054
1027
964
986
982
970
1020
939
933
1031
1022
1021
1022
998
1036
1003
1001
1036
1003
981
989
1026
997
979
1080
934
935
1041
1033
1026
1027
1005
987
1005
1044
969
1026
966
952
1026
981
1003
1073
950
989
1029
931
1012
968
996
970
1029
1007
1007
1019
1016
1012
960
982
979
973
976
977
996
991
988
991
1047
998
1052
991
964
1000
987
1033
1002
1027
991
995
1023
1004
1015
1012
988
990
931
1006
1024
1098
1092
1021
965
1034
963
1026
991
1028
952
1061
1033
997
1003
983
1048
1001
963
1047
1022
978
1008
990
980
957
1006
935
963
1020
980
995
1036
1043
1056
941
997
1032
955
1022
986
1002
983
1051
1032
1026
971
957
1013
965
999
992
995
1001
966
1029
989
961
1003
1012
1010
1037
1004
996
1016
1021
1002
945
976
973
1079
966
1005
1041
1016
975
988
1020
972
993
1038
956
1018
1000
999
1023
1001
1005
1047
1021
1055
1004
975
1017
1052
1015
982
1004
983
1007
1030
1025
1041
994
987
968
958
988
1005
1019
1029
1049
985
1019
1015
1021
988
1000
1040
967
1024
1018
935
1064
1004
1011
1003
985
982
1027
1077
965
1047
997
1032
997
1011
1012
961
1025
957
951
1021
1046
1052
988
980
1008
985
1012
953
1025
1006
1007
976
1031
968
996
975
1022
988
985
1015
944
1042
955
989
984
991
986
1008
1032
987
971
993
979
985
992
1056
997
1055
1017
977
1041
1001
957
1018
1050
955
989
996
994
937
986
945
940
1041
1014
979
962
985
1014
965
1056
1006
968
985
1039
1010
976
975
950
1036
968
1002
983
968
1002
1022
1046
992
986
1002
992
1047
1004
958
986
979
1058
1013
1022
985
1001
983
962
1031
972
1025
967
1001
990
974
1023
971
1006
1029
944
1035
993
1072
955
976
1023
953
1013
1012
984
1048
949
1018
952
1000
1006
1023
1003
995
1007
1005
984
998
1004
1008
1021
974
1037
978
1048
967
1031
961
949
1008
1022
998
1005
1058
1032
955
1046
1008
967
1020
977
998
955
1019
973
1002
1013
997
956
954
1016
1008
999
978
1020
1081
998
1005
1025
975
1064
1016
964
1001
1027
1049
1021
1048
1087
924
1032
1006
1016
1008
1028
1023
1024
1005
989
1018
1002
1002
982
1052
950
1011
1017
1003
1062
988
936
1009
1021
955
971
966
1023
990
975
1043
996
981
1019
1013
1062
1024
1016
1012
1020
990
1020
932
1051
1002
989
1006
999
1002
990
1017
1018
1011
1040
987
980
964
975
1043
1007
1016
1010
968
996
1051
1010
966
1010
979
952
1010
953
1042
972
1073
964
1046
1014
1041
1029
1048
990
956
980
1041
1009
924
980
1021
990
1030
1017
1046
1027
993
996
973
1039
954
1035
1033
1014
1066
1023
1030
954
1008
996
1013
1027
978
1068
1003
1049
990
974
1024
947
1046
955
997
1015
992
1023
1005
1031
976
978
1014
989
1007
1002
1038
982
975
973
953
1008
1029
1044
1000
995
977
999
1048
1001
1003
1014
976
1047
985
982
1016
995
988
1001
1068
980
1009
973
998
991
951
1024
1011
1032
1054
1018
964
1020
1009
1017
981
969
1060
1021
1008
1013
1031
1025
992
1019
990
1003
1037
1012
1003
1006
1027
960
987
991
981
975
1012
980
997
1081
1022
1009
975
1081
1024
944
938
983
985
1061
977
1004
1058
1051
978
1027
1016
938
989
989
945
989
1008
1062
988
1022
1043
984
1011
958
987
946
987
956
1043
1021
1029
1008
1009
1008
1027
1038
914
989
1023
1002
1007
990
1019
1002
986
1059
983
993
975
1002
1030
987
988
972
995
1026
1036
976
1023
981
963
1016
1026
1050
986
999
1040
1046
993
1003
968
1007
975
979
954
980
991
977
1018
968
923
1025
1030
1013
988
982
1073
1037
946
971
1004
972
1015
979
989
1005
1000
1008
1005
1001
1020
977
967
993
980
1010
1006
1006
1038
1028
916
960
1073
975
987
951
1005
972
999
1019
1004
1023
998
1017
969
1001
974
958
996
999
927
971
1046
1010
1011
991
989
985
995
965
947
1037
1026
941
967
1030
1003
970
1025
966
958
1026
1047
955
1030
1003
974
1000
975
1015
1027
997
1002
958
1032
926
995
951
981
987
1018
1052
1005
1056
949
949
927
998
1000
978
1012
1064
971
1011
1016
949
949
1053
1001
943
973
1027
1007
968
984
977
975
972
1006
1027
985
989
970
999
1029
981
968
1000
1023
1002
1019
1022
1093
970
969
996
1086
994
1010
969
977
1013
1013
1075
1034
1023
1013
1048
999
971
994
964
1002
969
993
990
939
990
986
1008
990
969
975
1027
1032
996
1051
1002
1035
960
962
1063
975
1037
1095
1000
1024
1058
964
986
983
1011
979
1023
991
1018
963
1001
961
1011
1034
1008
979
986
1016
1013
1020
1029
1047
998
987
1013
995
999
944
926
989
997
982
1031
1013
975
1002
947
997
943
972
998
961
990
1012
986
987
1061
951
1034
1054
990
1028
986
975
1015
987
999
958
977
1019
961
937
973
1021
1011
1045
1047
970
1044
1015
980
970
965
995
1015
999
1017
1021
1001
1010
948
985
1033
967
976
947
1059
1009
1023
984
968
1026
1021
1003
1011
974
1010
1009
1007
1014
1016
965
978
1001
984
983
964
987
1008
1013
1032
941
985
970
977
1017
955
993
972
950
979
976
975
1024
1071
991
1004
1001
1003
959
948
1049
955
983
1001
1032
993
991
981
963
986
999
1031
1038
1000
978
1044
992
1012
996
1037
980
987
993
958
966
978
950
1038
998
1064
1026
943
999
954
946
1016
1018
1047
987
1016
1007
1019
1021
979
1041
1045
946
930
965
988
968
973
995
937
996
1010
1006
1052
956
984
981
990
966
994
1046
987
982
974
986
948
1012
955
994
1018
1007
1026
1007
1039
1002
962
1013
982
1024
980
989
1006
1046
1015
970
994
955
968
975
921
993
1023
980
973
1021
1010
962
1022
969
1009
976
1005
1006
969
1011
973
960
996
1000
1001
1002
961
1001
974
1000
953
1023
939
992
948
964
984
1002
1011
955
1028
1063
936
992
1052
1012
999
1009
980
1000
1014
983
1007
999
1007
956
1007
989
1003
1024
999
1002
1006
993
1008
1090
989
962
1051
936
1041
1027
981
1037
1023
1034
1050
980
999
1012
984
1008
1002
1022
1005
1023
985
957
1024
992
1083
1064
1006
1009
1044
1017
985
1001
1029
998
949
1028
1002
991
1043
1030
991
1029
953
983
1035
1012
993
1015
941
1024
1057
1003
962
967
937
1001
1012
984
1050
964
1004
1032
983
1011
944
1087
1024
960
942
991
978
1009
971
955
1014
967
1035
982
1001
979
1077
1047
987
960
1003
982
965
944
1057
1081
936
1061
993
944
997
1034
963
1045
978
1003
1007
973
976
1024
969
987
1008
1031
1001
898
1015
965
1002
988
970
1033
1011
979
1009
1028
1010
1025
968
968
1001
1029
974
985
934
978
1045
1018
1054
992
951
991
987
1067
1002
996
990
1046
991
958
971
1045
983
992
994
982
1015
984
1052
981
997
1018
1010
1053
993
929
1018
1033
992
968
1039
1048
980
1025
990
991
1013
1035
1032
1030
1009
987
1007
1015
983
1061
1007
1052
1028
1014
1000
1016
978
1003
963
988
1041
981
986
1043
936
1030
1014
1062
1011
980
968
1003
976
1016
1050
1047
933
977
1016
991
980
972
955
974
948
956
1004
972
1050
1041
1075
1027
960
985
995
967
967
1006
1036
1093
973
995
1009
1049
966
999
969
1014
1028
955
1008
980
967
953
991
1010
1054
1019
1070
1008
944
1058
976
1005
973
1023
987
934
976
1042
970
959
1027
987
970
1024
998
961
998
965
1002
983
1028
985
970
957
1002
1024
996
1008
1014
1004
955
1036
1039
1018
957
978
987
935
989
964
1002
957
1001
1002
959
976
1037
1032
962
1006
964
1115
1015
1029
961
953
954
1011
1049
1020
1012
1041
1006
982
979
971
967
1000
997
989
962
1001
948
1018
989
979
1029
1025
1015
1024
1007
986
996
985
961
1025
960
1011
989
1028
1017
973
1029
997
1011
1038
958
1010
1027
1019
980
1024
982
1004
1030
965
1062
992
1013
1025
1003
990
977
1000
1033
993
991
959
1047
972
1066
988
977
981
985
985
1016
985
1013
1013
958
1020
1036
1031
1011
924
1032
960
966
1020
1016
1035
1001
987
1002
988
970
1053
1024
1005
982
1007
1010
970
1016
926
991
1004
1001
1071
998
977
964
1025
946
969
1006
1015
1023
1007
981
1021
1012
978
966
942
1018
1011
1007
1032
1002
993
1039
1012
960
997
1032
974
1006
1012
985
1065
955
953
964
983
951
1016
970
1044
977
991
1039
1001
1051
975
1030
963
1012
974
1008
995
996
1026
1043
996
994
967
1030
1007
1004
1029
1073
975
997
983
999
1001
963
970
966
962
1001
967
996
1036
1002
976
992
978
992
1007
1044
982
1084
1029
964
1004
993
1001
996
955
1026
988
1058
1034
999
974
1027
992
1025
983
981
976
1035
1016
1044
998
963
1004
991
980
1001
1031
1018
1071
1008
1014
1000
953
964
1035
1047
988
963
971
955
1005
997
1022
978
993
1023
998
981
954
948
1124
1008
971
1035
1012
985
996
957
965
1057
1006
1013
1028
1003
954
1007
1032
1062
1014
1034
1015
997
1024
1034
1034
1015
1049
1019
999
1041
974
966
974
1003
998
1010
983
1054
1017
1040
992
967
1017
1025
1008
1010
975
1000
1046
1009
1026
1002
1001
1013
972
953
1010
1000
1030
1026
999
1013
1045
1004
1005
1031
964
969
1002
980
983
1026
1028
1064
993
1025
998
1052
997
964
983
992
979
1034
1012
954
1017
1017
985
1037
976
996
972
1048
1021
1023
1001
977
997
954
990
1020
950
1005
1012
1035
1021
1010
980
1033
1026
911
1042
1034
994
1014
989
990
970
962
998
1027
994
1015
968
971
1001
1023
1018
1035
1049
990
945
1008
1047
1025
957
963
949
994
955
1034
975
1031
1012
1013
973
921
981
1011
1027
1001
1027
1033
1042
991
974
983
972
1019
1006
1045
1003
1008
965
1012
966
1016
984
1001
1027
1016
1009
987
922
970
1044
994
1011
1078
953
1010
979
998
956
968
967
983
1054
959
932
965
982
993
988
985
1017
996
968
959
1049
948
1016
946
1030
964
1035
970
1016
938
1005
1059
1008
1012
979
995
1021
972
978
938
971
981
966
993
1001
1033
1012
974
949
988
970
1013
1042
1003
967
1018
1002
1045
1028
901
980
1000
1013
989
996
1069
1017
986
997
1032
1014
1009
977
1033
1095
1037
996
1016
983
954
953
1029
1004
961
978
940
1059
940
988
984
1022
957
1011
1040
990
1026
988
997
1013
1008
1043
962
972
1012
989
1020
958
933
981
1022
1013
1038
953
976
956
967
1032
1008
992
993
1056
963
1054
1000
1003
1006
1013
990
1008
1005
980
1024
1036
1056
1116
990
1076
1025
976
1028
1010
989
960
1004
1007
1028
984
993
1037
1002
975
1052
1003
986
934
943
933
937
994
994
1027
1026
1017
1036
979
944
964
997
988
1021
972
1027
1000
1066
1008
1005
1045
986
995
996
1003
1016
1048
968
1008
993
1030
993
964
1001
983
993
1001
992
972
1011
990
1010
1032
1010
978
1028
1036
1014
1001
1019
1016
969
992
933
1052
990
1011
995
981
982
977
987
975
985
942
980
995
1019
1035
1008
978
964
1030
961
1000
979
939
941
959
1023
976
1000
987
1044
963
1014
960
1038
952
991
1034
1058
940
981
1067
988
1055
1041
983
1008
1057
1010
981
1028
1009
1007
1009
993
1025
1040
1041
1057
981
1006
1018
992
978
1012
967
944
1035
966
1004
968
1011
955
993
989
1040
1026
1001
998
992
1001
1006
1000
1004
1010
1034
1026
976
991
1043
960
1008
1021
997
978
951
975
1014
995
972
951
1052
1020
968
983
1008
976
1018
970
980
1020
992
946
1002
936
1003
927
987
1003
952
1024
1008
971
1007
975
975
935
990
995
1008
996
983
1013
953
951
954
969
971
1033
1042
993
1032
997
996
986
1025
970
977
1052
1003
985
1007
1018
968
1061
991
995
941
1008
999
988
995
981
1008
963
1007
978
1007
1002
1006
976
1001
960
1019
1001
970
931
979
1022
988
1038
1015
1016
1002
943
988
986
987
1009
1039
958
1007
976
1036
1036
951
1043
1007
973
990
1032
978
891
1014
1087
1001
958
1050
1012
1012
1022
1025
1027
993
986
1067
994
1003
1018
985
1005
984
1016
969
996
1025
986
1046
1018
975
1000
1046
1019
1014
1027
1020
941
977
1034
1025
1021
1023
996
1036
1004
1052
993
934
962
1007
953
1043
977
1028
982
973
955
1027
1015
979
1093
979
1025
973
994
1006
954
976
1011
990
1049
1018
1028
1040
975
980
975
971
1025
1054
1036
969
960
1045
930
951
961
995
1065
954
1011
1060
1043
1015
1043
989
1033
992
928
998
1030
990
1067
965
1025
1025
1018
1039
951
984
942
980
1021
980
1023
1011
1014
973
980
1013
991
1020
1078
1038
1014
1023
1039
975
1019
987
988
983
1062
1019
984
976
1031
1003
1056
1016
1000
969
1001
1020
1025
1008
989
1018
1029
988
987
955
980
1000
998
950
1033
1013
1050
992
1025
977
1021
995
1031
957
965
993
920
991
1030
983
999
1002
978
950
1018
1009
986
1025
1061
1028
997
1038
1004
976
920
944
1020
986
1050
1042
1002
1060
968
985
1009
1024
974
1003
988
987
1007
1028
969
1011
986
1029
1005
1021
997
988
1040
993
1009
1018
1016
997
965
1004
973
943
998
1015
989
982
993
1040
998
1022
1040
1000
986
978
1012
1029
983
1035
957
986
1020
976
965
996
1005
999
969
980
1017
1020
982
993
987
972
1017
938
1021
957
964
971
1008
1009
1058
1001
977
1020
1045
1030
1029
1037
1035
1036
1025
1052
1014
994
1063
999
1017
962
972
949
983
987
1045
1005
945
955
972
980
1055
1063
973
1013
951
1014
1016
990
949
1018
1028
1031
1067
1041
897
991
1022
999
1019
1006
1032
1032
991
994
986
983
972
1001
990
1040
989
965
1003
1035
1040
993
1008
1028
991
1017
1026
1038
971
1030
1003
1059
996
1020
983
1002
1036
997
971
968
1027
1034
1033
980
1005
1010
971
1020
998
956
1022
976
976
1059
980
994
981
984
980
1032
1027
1028
1032
1010
1057
956
1026
997
1023
1005
973
1009
940
994
1057
957
964
985
1043
942
960
1038
996
1045
984
1015
1002
1018
988
1028
966
1046
982
1002
937
1011
1016
1039
1021
979
1072
945
1035
1029
966
991
1031
984
1020
965
1037
1009
986
1029
965
1033
1026
1080
970
1023
1025
1000
965
1013
1038
1025
1039
947
1018
1000
970
1008
979
988
1069
1052
1021
1033
1041
963
982
963
1004
986
1021
984
986
977
968
1009
1012
1051
969
1038
1017
973
1031
1021
1011
993
968
984
973
1013
970
987
978
971
990
1013
981
998
981
981
1054
1039
962
954
973
1011
989
1035
1026
1021
957
1015
1012
1013
1025
989
1028
962
955
997
1006
990
985
987
996
1027
1035
990
1042
980
961
1057
983
1007
984
997
1033
1010
997
1018
968
990
995
979
1028
948
972
1008
1027
993
1007
947
1037
995
1049
1014
990
1057
1005
983
1021
1014
986
937
992
1042
1004
973
1009
1038
1013
1001
981
1024
981
947
940
989
994
1009
962
1026
976
986
1018
1036
1008
988
1044
995
1012
1074
1015
1011
1013
1035
1016
998
955
975
1037
1004
1039
1039
1042
957
1022
1004
1029
981
968
954
980
1033
1009
1005
1022
1032
1036
1014
949
1032
1034
993
964
1034
1017
979
1023
965
1029
1036
995
974
1034
981
953
988
974
999
947
1047
1001
1056
968
995
997
1004
1027
1026
1042
942
1001
986
1038
1013
988
1017
1005
1004
987
1022
1006
1024
1020
1024
974
967
1054
997
1010
979
1004
994
971
986
969
959
990
1002
979
1024
977
1080
1008
993
960
949
992
959
999
1013
998
981
978
1028
1013
1015
1026
1002
987
1054
1023
957
1034
1026
1047
974
1038
999
1038
983
975
981
951
1009
997
961
1010
969
988
976
1004
1044
1012
972
1003
1033
1018
988
1008
1032
1037
1003
1012
971
1061
1011
980
1007
985
1019
1026
1020
965
989
1011
1019
1060
926
977
1016
999
1055
983
1043
1028
1055
998
978
976
1008
1020
1044
1016
1060
1011
987
1037
1040
1001
1007
986
1044
1048
971
1030
1037
986
997
1005
943
991
1003
1013
997
1034
1086
959
989
960
1004
1021
953
1020
1032
1019
990
960
976
1017
1024
959
1022
1027
1008
1019
1033
1012
1058
966
996
930
988
1009
970
989
1038
968
1019
1020
1052
973
984
1021
966
1000
972
1000
975
1036
997
1028
1046
969
978
996
955
933
1019
1030
938
935
990
987
957
963
1016
1014
997
990
1016
1018
962
1005
1008
988
1001
985
1015
1059
972
1009
935
957
986
966
991
965
978
1017
971
1008
989
1022
994
1038
1063
967
1013
1012
980
979
979
991
1009
965
955
972
971
945
1001
1055
1000
962
1000
1021
1029
1048
990
979
978
1025
944
974
992
960
1083
1003
1036
951
1072
976
991
1017
996
963
1040
980
983
978
998
995
1044
981
1038
992
1028
962
971
1011
1010
1022
1021
966
1026
999
990
946
985
988
1097
987
1052
1027
968
984
981
1003
1049
1029
975
1008
951
997
999
978
1053
976
1038
1047
1019
1013
987
1065
1034
1015
999
1006
923
1002
1038
1010
999
978
999
1000
1004
1032
1014
984
985
964
986
1001
976
981
1021
1049
1029
1016
994
998
1036
1025
1016
1032
1059
1008
955
980
965
1005
1003
986
969
1000
1042
981
991
997
1034
970
1016
992
982
923
993
998
1010
1022
1002
991
991
1003
993
1026
1099
1001
1010
1068
989
982
1034
1046
1029
927
997
1030
1040
1003
1031
992
1009
985
992
942
1036
1019
1031
958
1039
985
1017
1012
1034
1072
1005
1015
964
1015
1006
997
996
1074
991
1038
1036
1039
1029
1015
987
984
1032
1060
957
1002
983
979
999
972
994
1030
976
981
1030
992
975
1001
1038
1041
990
942
994
937
1018
976
973
924
1008
1019
1003
971
979
1002
954
979
985
993
990
1027
1001
1010
960
979
1036
1041
990
941
970
932
978
994
1035
1017
942
964
1026
984
1008
1017
982
1050
1032
932
1025
988
1033
954
1054
992
1030
996
912
944
965
1072
980
994
1007
1026
965
1054
975
965
966
1023
998
996
1001
986
994
983
988
1033
1036
1002
1074
976
1006
1010
988
1031
1064
972
1012
1019
1017
998
948
1016
954
986
976
998
974
1003
1002
964
1028
1073
994
991
1030
988
1035
1004
1031
1029
1010
978
1036
960
1019
966
1036
994
958
965
1042
1021
1005
1024
973
986
1040
991
938
1037
1002
950
992
1057
1014
1087
1065
1011
992
977
1053
985
1037
994
1009
945
996
1003
992
995
1031
973
998
1019
1075
1023
978
945
1040
1007
1059
994
947
1020
963
1036
973
998
1013
984
982
986
1034
1016
955
955
993
1001
1045
955
989
1058
983
1011
950
951
951
1011
1005
1028
1006
1031
959
984
1000
982
1013
999
955
1001
1034
951
1003
962
1022
1025
928
1043
1016
935
1014
988
974
1001
1016
998
1021
1036
968
1030
970
963
1014
990
985
973
950
1045
979
1001
1002
989
1013
1041
1025
1021
1086
973
967
1014
962
1049
1029
931
1021
1024
1015
971
972
950
1014
1017
973
1006
1058
957
1028
955
943
993
1021
983
1005
1003
972
985
972
1058
911
1020
956
962
952
989
985
1030
1000
971
998
992
972
983
963
969
1004
1005
972
1009
1019
1006
1045
1033
970
971
1017
1018
984
971
1027
957
1007
987
937
991
1030
984
1001
1000
1038
990
982
1035
1023
1014
975
963
1021
1046
1014
983
999
1034
969
989
974
983
1020
1045
1003
1010
997
1005
1018
1017
1041
958
1001
980
1028
1000
1032
1021
1034
993
1013
1007
981
1037
965
1007
937
976
931
1014
981
1023
999
1000
998
1003
1033
1001
1006
983
969
989
978
1056
962
970
972
1003
950
979
976
1055
985
979
1030
1015
994
1028
1043
1065
1051
1041
972
1029
990
995
983
948
972
979
972
1024
1046
953
1046
999
1003
1001
963
1045
991
1027
961
984
1044
1071
999
1046
1004
1030
1047
985
966
979
961
980
980
959
1025
1001
1041
990
1021
1022
1024
1027
1026
1007
981
962
1026
1042
990
993
972
993
986
1043
978
940
1017
991
1040
961
1026
1049
1003
981
968
1061
1017
978
970
934
1000
1021
989
1037
1033
1022
1033
998
957
1053
987
1028
1005
1000
999
1037
996
978
1003
1036
1018
1026
983
1000
979
1017
979
1009
993
1036
1060
1020
1004
1042
1002
1019
965
987
1021
1029
1012
1048
963
1020
1008
967
1031
973
951
1006
920
1027
943
956
1003
1055
963
1080
1005
996
985
1036
959
988
999
956
1018
1027
1013
1012
1001
983
1021
1017
1014
1014
1015
1060
991
990
998
977
957
1037
1025
1003
994
970
1019
970
1042
978
937
1004
996
1074
1046
994
984
989
1032
1012
1021
972
1025
1013
928
969
1001
992
986
1006
1030
1011
1016
1001
990
987
980
972
974
1020
1050
1035
996
1035
1018
1028
955
961
1024
995
994
1037
1038
1023
1013
1036
1038
979
1031
1072
1077
1029
954
965
1020
955
999
986
1048
997
979
1080
1019
1003
1003
1043
1001
1010
987
1030
1000
977
998
974
955
1012
1021
1030
995
979
1007
977
980
986
1025
962
1068
978
1041
1023
1014
985
996
996
986
1035
978
1031
1014
971
1017
1033
1005
955
988
1021
989
969
982
1002
1034
1020
994
987
929
1024
1003
1044
1001
1004
1031
1073
1000
933
1036
963
1007
991
1008
1015
1024
968
966
975
945
938
974
904
998
953
981
996
1036
1013
1043
951
1024
1062
977
1011
1041
1050
949
977
997
1019
972
1043
972
1004
1019
1052
1013
1018
1041
975
968
1017
1018
981
1003
931
977
1056
985
977
1015
1047
954
1079
972
1003
1022
1009
987
1049
1060
999
1043
1002
1000
988
1009
993
991
1005
1049
973
950
1007
1025
1032
1047
982
972
1007
994
1007
985
1050
1008
969
1019
963
969
919
951
986
1035
1035
974
972
1048
978
989
971
978
1014
1003
982
1011
1046
959
988
966
1019
954
970
938
950
1018
982
1015
978
1011
973
1021
984
1010
968
1005
1049
1004
1030
1017
1003
969
968
981
1001
975
975
1008
1003
956
1007
1002
1032
984
1003
1051
1011
947
992
1019
994
1007
964
1048
1000
977
934
1033
1001
932
1025
1001
1037
1025
1028
978
992
1012
961
1056
1005
957
1019
1014
1033
982
999
936
1009
986
988
1018
1000
1005
954
1014
1015
977
1031
936
930
985
1002
1015
1060
995
1006
972
996
1016
1052
982
995
1014
987
1014
970
992
1030
1040
994
1033
1037
992
991
1026
1025
978
1012
951
951
1008
1001
1051
1010
997
955
1028
989
955
996
963
1001
1031
975
943
1031
998
992
1027
1025
984
1004
995
1002
1033
982
979
1020
1023
1010
991
949
989
1000
1027
965
1016
1023
996
973
972
983
999
969
924
1043
1004
990
994
978
985
1030
996
1010
955
1030
980
1033
987
1010
970
1007
1060
981
996
938
1018
991
1010
1013
1049
1008
978
1006
1041
946
1022
970
984
981
993
991
972
976
982
978
1026
1023
985
954
1003
986
997
965
1026
1005
1050
970
990
1018
989
1034
1002
971
1036
1019
1029
1004
987
1026
1027
1005
999
1021
918
1041
1059
988
969
1055
993
977
989
1101
1022
1022
1024
1049
938
999
963
983
1008
1007
1004
1004
1023
1032
1007
963
984
1054
991
1014
1002
978
1073
1041
994
987
1024
1038
1022
1005
1015
958
971
971
994
998
1023
1033
1021
986
985
999
964
1019
1042
1008
1005
969
913
1003
974
1056
1021
996
1007
1008
1060
999
1028
1002
1011
971
982
1033
1083
972
998
999
977
1035
1009
979
1017
1001
1043
1024
955
1031
976
1014
986
1017
1008
971
1005
1026
1012
1026
959
1017
1029
979
974
1006
1020
1017
975
985
985
960
936
1069
999
949
981
1004
1001
1023
1020
1034
1014
985
1024
1001
969
967
993
968
1005
1011
983
1030
946
1028
1040
937
1032
977
1089
1041
985
975
1042
972
1001
1002
987
