UNIFORM(53,151)

OurHash: 0.0 [0, 0, 0, 0, 0, 0, 0, 0, 0, 0]
HashLarson: 1.0 [1, 1, 1, 1, 1, 1, 1, 1, 1, 1]
HashKernighanRitchie: 2.0 [2, 2, 2, 2, 2, 2, 2, 2, 2, 2]
HashFletcher: 3.0 [3, 3, 3, 3, 3, 3, 3, 3, 3, 3]
HashUniversal: 4.0 [4, 4, 4, 4, 4, 4, 4, 4, 4, 4]
HashArashPartow: 5.0 [5, 5, 5, 5, 5, 5, 5, 5, 5, 5]
HashBernstein: 6.0 [6, 6, 6, 6, 6, 6, 6, 6, 6, 6]
HashRamakrishna: 7.0 [7, 7, 7, 7, 7, 7, 7, 7, 7, 7]
HashFNV1a: 8.0 [8, 8, 8, 8, 8, 8, 8, 8, 8, 8]
HashMurmur2: 9.0 [9, 9, 9, 9, 9, 9, 9, 9, 9, 9]
HashLookup3: 10.0 [10, 10, 10, 10, 10, 10, 10, 10, 10, 10]
HashOneAtTime: 11.0 [11, 11, 11, 11, 11, 11, 11, 11, 11, 11]
HashPaulHsieh: 12.1 [12, 12, 13, 12, 12, 12, 12, 12, 12, 12]
Hash65599: 12.9 [13, 13, 12, 13, 13, 13, 13, 13, 13, 13]
Hash17_unrolled: 14.0 [14, 14, 14, 14, 14, 14, 14, 14, 14, 14]
Hash17: 15.0 [15, 15, 15, 15, 15, 15, 15, 15, 15, 15]
HashWeinberger: 16.0 [16, 16, 16, 16, 16, 16, 16, 16, 16, 16]

UNIFORM(900,1100)
OurHash: 0.0 [0, 0, 0, 0, 0, 0, 0, 0, 0, 0]
HashFletcher: 1.0 [1, 1, 1, 1, 1, 1, 1, 1, 1, 1]
HashArashPartow: 2.0 [2, 2, 2, 2, 2, 2, 2, 2, 2, 2]
HashKernighanRitchie: 3.0 [3, 3, 3, 3, 3, 3, 3, 3, 3, 3]
HashLarson: 4.4 [5, 4, 5, 5, 4, 5, 4, 4, 4, 4]
HashBernstein: 4.6 [4, 5, 4, 4, 5, 4, 5, 5, 5, 5]
HashRamakrishna: 6.0 [6, 6, 6, 6, 6, 6, 6, 6, 6, 6]
HashLookup3: 7.5 [7, 7, 7, 8, 7, 7, 8, 8, 7, 9]
HashUniversal: 8.1 [8, 8, 10, 7, 8, 10, 7, 7, 9, 7]
HashFNV1a: 9.1 [9, 9, 8, 9, 10, 9, 10, 9, 10, 8]
HashPaulHsieh: 9.4 [10, 11, 9, 10, 9, 8, 9, 10, 8, 10]
HashOneAtTime: 10.9 [11, 10, 11, 11, 11, 11, 11, 11, 11, 11]
Hash65599: 12.2 [12, 12, 12, 12, 12, 12, 12, 12, 13, 13]
HashMurmur2: 12.8 [13, 13, 13, 13, 13, 13, 13, 13, 12, 12]
Hash17_unrolled: 14.0 [14, 14, 14, 14, 14, 14, 14, 14, 14, 14]
Hash17: 15.0 [15, 15, 15, 15, 15, 15, 15, 15, 15, 15]
HashWeinberger: 16.0 [16, 16, 16, 16, 16, 16, 16, 16, 16, 16]

UNIFORM(10000900,10001100)
OurHash: 0.0 [0, 0, 0, 0, 0, 0, 0, 0, 0, 0]
HashLarson: 1.0 [1, 1, 1, 1, 1, 1, 1, 1, 1, 1]
HashKernighanRitchie: 2.0 [2, 2, 2, 2, 2, 2, 2, 2, 2, 2]
HashFletcher: 3.0 [3, 3, 3, 3, 3, 3, 3, 3, 3, 3]
HashUniversal: 4.0 [4, 4, 4, 4, 4, 4, 4, 4, 4, 4]
HashBernstein: 5.0 [5, 5, 5, 5, 5, 5, 5, 5, 5, 5]
HashFNV1a: 6.3 [6, 6, 6, 6, 7, 7, 6, 7, 6, 6]
HashPaulHsieh: 6.7 [7, 7, 7, 7, 6, 6, 7, 6, 7, 7]
HashArashPartow: 8.4 [9, 8, 8, 9, 8, 8, 9, 8, 9, 8]
HashMurmur2: 8.6 [8, 9, 9, 8, 9, 9, 8, 9, 8, 9]
HashRamakrishna: 10.3 [11, 10, 10, 10, 10, 11, 10, 11, 10, 10]
HashOneAtTime: 10.7 [10, 11, 11, 11, 11, 10, 11, 10, 11, 11]
HashLookup3: 12.0 [12, 12, 12, 12, 12, 12, 12, 12, 12, 12]
Hash17_unrolled: 13.0 [13, 13, 13, 13, 13, 13, 13, 13, 13, 13]
Hash17: 14.0 [14, 14, 14, 14, 14, 14, 14, 14, 14, 14]
Hash65599: 15.0 [15, 15, 15, 15, 15, 15, 15, 15, 15, 15]
HashWeinberger: 16.0 [16, 16, 16, 16, 16, 16, 16, 16, 16, 16]

UNIFORM(530,1510)
HashFletcher: 1.7 [0, 0, 5, 1, 3, 0, 1, 4, 3, 0]
HashKernighanRitchie: 2.3 [2, 3, 4, 0, 0, 5, 3, 2, 2, 2]
OurHash: 2.3 [5, 2, 3, 2, 2, 3, 0, 1, 0, 5]
HashArashPartow: 2.6 [3, 1, 1, 3, 1, 4, 4, 0, 5, 4]
HashLarson: 2.9 [1, 4, 0, 4, 5, 2, 5, 3, 4, 1]
HashUniversal: 3.2 [4, 5, 2, 5, 4, 1, 2, 5, 1, 3]
HashFNV1a: 6.1 [6, 6, 6, 6, 6, 6, 6, 7, 6, 6]
Hash65599: 7.4 [7, 8, 8, 7, 8, 7, 7, 6, 8, 8]
HashBernstein: 7.5 [8, 7, 7, 8, 7, 8, 8, 8, 7, 7]
HashRamakrishna: 9.4 [10, 9, 9, 9, 10, 10, 9, 10, 9, 9]
HashMurmur2: 10.3 [9, 11, 10, 10, 11, 12, 11, 9, 10, 10]
HashLookup3: 11.0 [11, 10, 12, 13, 9, 9, 12, 11, 12, 11]
HashOneAtTime: 11.9 [12, 13, 13, 11, 13, 11, 10, 13, 11, 12]
HashPaulHsieh: 12.4 [13, 12, 11, 12, 12, 13, 13, 12, 13, 13]
Hash17_unrolled: 14.0 [14, 14, 14, 14, 14, 14, 14, 14, 14, 14]
Hash17: 15.0 [15, 15, 15, 15, 15, 15, 15, 15, 15, 15]
HashWeinberger: 16.0 [16, 16, 16, 16, 16, 16, 16, 16, 16, 16]

POISSON(100)
OurHash: 0.0 [0, 0, 0, 0, 0, 0, 0, 0, 0, 0]
HashLarson: 1.0 [1, 1, 1, 1, 1, 1, 1, 1, 1, 1]
HashKernighanRitchie: 2.0 [2, 2, 2, 2, 2, 2, 2, 2, 2, 2]
HashFletcher: 3.0 [3, 3, 3, 3, 3, 3, 3, 3, 3, 3]
HashArashPartow: 4.0 [4, 4, 4, 4, 4, 4, 4, 4, 4, 4]
HashUniversal: 5.0 [5, 5, 5, 5, 5, 5, 5, 5, 5, 5]
HashBernstein: 6.0 [6, 6, 6, 6, 6, 6, 6, 6, 6, 6]
HashRamakrishna: 7.0 [7, 7, 7, 7, 7, 7, 7, 7, 7, 7]
HashPaulHsieh: 8.0 [8, 8, 8, 8, 8, 8, 8, 8, 8, 8]
HashMurmur2: 9.0 [9, 9, 9, 9, 9, 9, 9, 9, 9, 9]
Hash65599: 10.0 [10, 10, 10, 10, 10, 10, 10, 10, 10, 10]
HashOneAtTime: 11.4 [13, 11, 13, 11, 11, 11, 11, 11, 11, 11]
Hash17_unrolled: 11.8 [11, 12, 11, 12, 12, 12, 12, 12, 12, 12]
Hash17: 12.8 [12, 13, 12, 13, 13, 13, 13, 13, 13, 13]
HashLookup3: 14.0 [14, 14, 14, 14, 14, 14, 14, 14, 14, 14]
HashFNV1a: 15.0 [15, 15, 15, 15, 15, 15, 15, 15, 15, 15]
HashWeinberger: 16.0 [16, 16, 16, 16, 16, 16, 16, 16, 16, 16]

POISSON(1000)
OurHash: 0.0 [0, 0, 0, 0, 0, 0, 0, 0, 0, 0]
HashFletcher: 1.0 [1, 1, 1, 1, 1, 1, 1, 1, 1, 1]
HashArashPartow: 2.0 [2, 2, 2, 2, 2, 2, 2, 2, 2, 2]
HashLarson: 3.0 [3, 3, 3, 3, 3, 3, 3, 3, 3, 3]
HashUniversal: 4.0 [4, 4, 4, 4, 4, 4, 4, 4, 4, 4]
HashBernstein: 5.0 [5, 5, 5, 5, 5, 5, 5, 5, 5, 5]
HashPaulHsieh: 6.4 [6, 6, 6, 7, 7, 7, 6, 6, 7, 6]
HashRamakrishna: 6.6 [7, 7, 7, 6, 6, 6, 7, 7, 6, 7]
HashOneAtTime: 8.0 [8, 8, 8, 8, 8, 8, 8, 8, 8, 8]
HashMurmur2: 9.7 [10, 9, 10, 9, 9, 11, 10, 9, 10, 10]
HashLookup3: 9.7 [9, 10, 9, 11, 10, 9, 9, 10, 9, 11]
HashFNV1a: 10.6 [11, 11, 11, 10, 11, 10, 11, 11, 11, 9]
HashKernighanRitchie: 12.0 [12, 12, 12, 12, 12, 12, 12, 12, 12, 12]
Hash17_unrolled: 13.2 [13, 13, 13, 13, 13, 13, 13, 14, 13, 14]
Hash17: 14.2 [14, 14, 14, 14, 14, 14, 14, 15, 14, 15]
Hash65599: 14.6 [15, 15, 15, 15, 15, 15, 15, 13, 15, 13]
HashWeinberger: 16.0 [16, 16, 16, 16, 16, 16, 16, 16, 16, 16]

NORMAL(0,1) Only within {(0,1) * 1000}
HashFletcher: 1.8 [3, 1, 3, 1, 2, 0, 0, 0, 4, 4]
HashUniversal: 2.2 [1, 0, 4, 0, 5, 5, 2, 5, 0, 0]
OurHash: 2.3 [4, 3, 0, 2, 0, 3, 4, 4, 1, 2]
HashKernighanRitchie: 2.5 [0, 5, 1, 5, 4, 2, 1, 1, 5, 1]
HashLarson: 3.0 [2, 4, 5, 3, 3, 1, 3, 2, 2, 5]
HashArashPartow: 3.2 [5, 2, 2, 4, 1, 4, 5, 3, 3, 3]
HashFNV1a: 6.0 [6, 6, 6, 6, 6, 6, 6, 6, 6, 6]
HashBernstein: 7.3 [7, 7, 7, 9, 7, 8, 7, 7, 7, 7]
Hash65599: 8.6 [8, 9, 9, 8, 8, 7, 11, 9, 9, 8]
HashLookup3: 9.0 [10, 8, 11, 7, 9, 9, 10, 8, 8, 10]
HashMurmur2: 10.2 [9, 14, 10, 11, 10, 10, 8, 10, 11, 9]
HashOneAtTime: 11.2 [14, 13, 8, 10, 11, 11, 9, 14, 10, 12]
Hash17_unrolled: 12.2 [11, 10, 13, 12, 12, 13, 13, 12, 13, 13]
HashPaulHsieh: 12.3 [13, 12, 12, 14, 14, 12, 12, 11, 12, 11]
Hash17: 13.2 [12, 11, 14, 13, 13, 14, 14, 13, 14, 14]
HashRamakrishna: 15.0 [15, 15, 15, 15, 15, 15, 15, 15, 15, 15]
HashWeinberger: 16.0 [16, 16, 16, 16, 16, 16, 16, 16, 16, 16]

NORMAL(0,1) Only within {(0,1) * uint64_t_max}
Hash17_unrolled: 3.9 [5, 5, 4, 0, 6, 3, 2, 3, 10, 1]
Hash17: 4.9 [6, 6, 5, 1, 7, 4, 3, 4, 11, 2]
Hash65599: 5.8 [11, 0, 10, 7, 0, 11, 0, 1, 15, 3]
HashLarson: 6.2 [7, 11, 13, 11, 2, 1, 1, 7, 0, 9]
HashPaulHsieh: 6.5 [3, 7, 2, 13, 1, 6, 5, 13, 4, 11]
HashRamakrishna: 6.9 [4, 3, 0, 4, 13, 0, 12, 6, 12, 15]
HashMurmur2: 7.5 [0, 4, 6, 12, 9, 7, 9, 10, 6, 12]
HashWeinberger: 7.7 [13, 15, 11, 6, 8, 8, 4, 5, 3, 4]
HashOneAtTime: 7.8 [9, 14, 8, 14, 4, 9, 11, 2, 7, 0]
HashKernighanRitchie: 8.1 [8, 2, 3, 10, 15, 10, 6, 15, 5, 7]
HashUniversal: 8.5 [1, 13, 7, 3, 11, 5, 16, 8, 8, 13]
HashArashPartow: 8.9 [12, 9, 15, 2, 5, 2, 13, 14, 9, 8]
HashBernstein: 9.5 [14, 1, 16, 8, 12, 12, 8, 9, 1, 14]
HashFletcher: 9.8 [10, 10, 9, 9, 16, 16, 10, 0, 13, 5]
HashLookup3: 9.9 [2, 8, 14, 5, 10, 13, 7, 16, 14, 10]
HashFNV1a: 10.5 [16, 12, 1, 15, 3, 14, 15, 11, 2, 16]
OurHash: 13.6 [15, 16, 12, 16, 14, 15, 14, 12, 16, 6]
